En haut : nombres d'erreurs introduites 
A gauche : nombre de bits transmis
Dans le tableau : nombre d'erreurs à la fin de l'algo

Tableau 1 (Hamming) : Nombre d'erreurs pour 80000 bits de données ; nombres de bits de parité (sans compter le 0) tout à gauche
- |        |  10 |  20 |  30 |  40 |  50 |  60 |  70 |  80 |  90 | 100 | 200 | 300 | 400 | 500 | 600 | 700 | 800 | 900 
3 | 160256 |   0 |   0 |   0 |   0 |   0 |   0 |   0 |   0 |   0 |   0 |   0 |   2 |   3 |   6 |   8 |  10 |  10 |  13 
4 | 116368 |   0 |   0 |   0 |   0 |   0 |   0 |   0 |   0 |   0 |   0 |   3 |   9 |  23 |  36 |  43 |  48 |  61 |  72 
5 | 98464  |   0 |   0 |   0 |   0 |   0 |   0 |   0 |   0 |   0 |   2 |   9 |  24 |  55 |  79 | 102 | 134 | 169 | 193 
6 | 89856  |   0 |   0 |   0 |   0 |   0 |   0 |   0 |   4 |   8 |  10 |  31 |  74 | 124 | 168 | 225 | 282 | 342 | 414 
7 | 85376  |   0 |   0 |   4 |   4 |   4 |   4 |   5 |  11 |  15 |  17 |  55 | 122 | 207 | 281 | 371 | 452 | 557 | 672 
8 | 82944  |   0 |   0 |   4 |  10 |  10 |  12 |  13 |  13 |  21 |  27 | 103 | 176 | 264 | 375 | 468 | 556 | 652 | 753 

Tableau 2 : première partie du tableau 1 ; mis sous un format pouvant être affiché en markdown
- |        |  10 |  20 |  30 |  40 |  50 |  60 |  70 |  80 |  90  
--|      --|   --|   --|   --|   --|   --|   --|   --|   --|   --  
3 | 160256 |   0 |   0 |   0 |   0 |   0 |   0 |   0 |   0 |   0    
4 | 116368 |   0 |   0 |   0 |   0 |   0 |   0 |   0 |   0 |   0    
5 | 98464  |   0 |   0 |   0 |   0 |   0 |   0 |   0 |   0 |   0    
6 | 89856  |   0 |   0 |   0 |   0 |   0 |   0 |   0 |   4 |   8    
7 | 85376  |   0 |   0 |   4 |   4 |   4 |   4 |   5 |  11 |  15   
8 | 82944  |   0 |   0 |   4 |  10 |  10 |  12 |  13 |  13 |  21   

Tableau 3 : deuxième partie du tableau 1 ; mis sous un format pouvant être affiché en markdown
- |        |   100  | 200 | 300 | 400 | 500 | 600 | 700 | 800 | 900 
--|      --|     -- |   --|   --|   --|   --|   --|   --|   --|  --
3 | 160256 |     0  |   0 |   2 |   3 |   6 |   8 |  10 |  10 |  13 
4 | 116368 |     0  |   3 |   9 |  23 |  36 |  43 |  48 |  61 |  72 
5 | 98464  |     2  |   9 |  24 |  55 |  79 | 102 | 134 | 169 | 193 
6 | 89856  |     10 |  31 |  74 | 124 | 168 | 225 | 282 | 342 | 414 
7 | 85376  |     17 |  55 | 122 | 207 | 281 | 371 | 452 | 557 | 672 
8 | 82944  |     27 | 103 | 176 | 264 | 375 | 468 | 556 | 652 | 753 

tableau 4 (Reed-Solomon 8 python) : comme le tableau 1 pour 10000 octets ; erreurs aussi comptées en octets 
biaisé et incomplet : résultats sans valeur pour l'instant (et n'en aura probablement jamais)
t ||  10 |  20 |  30 |  40 |  50 |  60 |  70 |  80 |  90 | 100 | 200 | 300 | 400 | 500 | 600 | 700 | 800 | 900 
4 ||   0 |   0 |   1 |   0 |   0 |   2 |  13 |  15 |  12 |  20 | 164 | 306 | 439 |  -  |  -  |  -  |  -  |  - 
8 ||   0 |   0 |   1 |   0 |   0 |   4 |   2 |   1 |   0 |   0 |  24 | 119 | 324 |  36 |  43 |  48 |  61 |  72 
12||   0 |   0 |   0 |   0 |   0 |   0 |   0 |   0 |   0 |   2 |   9 |  24 |  55 |  79 | 102 | 134 | 169 | 193 
16||   0 |   0 |   0 |   0 |   0 |   0 |   0 |   4 |   8 |  10 |  31 |  74 | 124 | 168 | 225 | 282 | 342 | 414 
20||   0 |   0 |   4 |   4 |   4 |   4 |   5 |  11 |  15 |  17 |  55 | 122 | 207 | 281 | 371 | 452 | 557 | 672 
24||   0 |   0 |   4 |  10 |  10 |  12 |  13 |  13 |  21 |  27 | 103 | 176 | 264 | 375 | 468 | 556 | 652 | 753 
28||   0 |   0 |   4 |   4 |   4 |   4 |   5 |  11 |  15 |  17 |  55 | 122 | 207 | 281 | 371 | 452 | 557 | 672 
32||   0 |   0 |   4 |   4 |   4 |   4 |   5 |  11 |  15 |  17 |  55 | 122 | 207 | 281 | 371 | 452 | 557 | 672 
40||   0 |   0 |   4 |   4 |   4 |   4 |   5 |  11 |  15 |  17 |  55 | 122 | 207 | 281 | 371 | 452 | 557 | 672 
48||   0 |   0 |   4 |   4 |   4 |   4 |   5 |  11 |  15 |  17 |  55 | 122 | 207 | 281 | 371 | 452 | 557 | 672 
56||   0 |   0 |   4 |   4 |   4 |   4 |   5 |  11 |  15 |  17 |  55 | 122 | 207 | 281 | 371 | 452 | 557 | 672 
64||   0 |   0 |   4 |   4 |   4 |   4 |   5 |  11 |  15 |  17 |  55 | 122 | 207 | 281 | 371 | 452 | 557 | 672 


tableau 5 (Reed-Solomon 8) : mêmes paramètres que dans le tableau 4
Résultat théoriques ; Les valeurs non nulles ne sont pas significatives
   |      | 100 | 200 | 300 | 400 | 500 | 600 | 700 | 800 | 900
 --|  --  |   --|  -- | --  | --  | --  | --  | --  | --  | --
8  |83968 |   0 |  39 | 163 | 305 | 476 | 585 | 693 | 800 | 900 
16 |90112 |   0 |   0 |   0 |   0 |  55 | 152 | 352 | 644 | 778 
24 |98304 |   0 |   0 |   0 |   0 |   0 |   0 |  26 |  27 | 109 
32 |106496|   0 |   0 |   0 |   0 |   0 |   0 |   0 |   0 |   0 
40 |114688|   0 |   0 |   0 |   0 |   0 |   0 |   0 |   0 |   0 
48 |126976|   0 |   0 |   0 |   0 |   0 |   0 |   0 |   0 |   0 
56 |141312|   0 |   0 |   0 |   0 |   0 |   0 |   0 |   0 |   0 

Tableau 6 : comme tableau 5 mais erreurs significatives
-  | | 100 | 200 | 300 | 400 | 500 | 600 | 700 | 800 | 900
8  | |   0 | 740 |2405 |5365 |6660 |7215 |7585 |7215 |7585 
16 | |   0 |   0 |   0 |   0 | 555 |1110 |2960 |5550 |6845 
24 | |   0 |   0 |   0 |   0 |   0 |   0 |   0 | 185 |1110 
32 | |   0 |   0 |   0 |   0 |   0 |   0 |   0 |   0 |   0 
40 | |   0 |   0 |   0 |   0 |   0 |   0 |   0 |   0 |   0 
48 | |   0 |   0 |   0 |   0 |   0 |   0 |   0 |   0 |   0 
56 | |   0 |   0 |   0 |   0 |   0 |   0 |   0 |   0 |   0 

Temps d'execution pour Reed-Solomon 8 en c : taille du message envoyé : 256 ; t=32; nombre d'erreurs allant de 0 à 64; répété 100 fois sur les mêmes entrées
temps pour 6400 décodages : 72.831526s
soit 0.011380s pour 1 décodage
